AKEBONO (EXOS-D)        
1 19822U 89016A   19017.19294498  .00028067  21161-6  51543-3 0  9991
2 19822  75.0308 333.2593 1811800  28.2979 340.5457 11.90465462977561
HST                     
1 20580U 90037B   19017.10520833  .00000362  00000-0  11113-4 0  9996
2 20580  28.4690 140.8583 0002512 285.5507  57.4290 15.09159102377813
POLAR                   
1 23802U 96013A   19015.60927692  .00000163  00000-0  00000-0 0  9991
2 23802  78.6697 257.8011 6864324 300.7963   9.6042  1.29844667109676
SWAS                    
1 25560U 98071A   19017.23408949  .00000083  00000-0  16390-4 0  9994
2 25560  69.8976 244.7936 0006412  15.2433 344.8915 14.93685183 92004
ORSTED                  
1 25635U 99008B   19017.87600848  .00000057  00000-0  21227-4 0  9996
2 25635  96.4648 157.4993 0138394 197.6915 161.9439 14.48125333 50129
CXO                     
1 25867U 99040B   19018.48675336  .00000676  00000-0  00000+0 0  9999
2 25867  69.3764 278.7550 7042545 237.1479   0.0707  0.37797968 18244
XMM-NEWTON              
1 25989U 99066A   19016.02294592 -.00000257  00000-0  00000+0 0  9997
2 25989  70.7407 337.9253 7787448  95.4803   0.3397  0.50134020 23783
TERRA                   
1 25994U 99068A   19017.77571325 -.00000063  00000-0 -40210-5 0  9999
2 25994  98.2093  94.5217 0001374 104.7496 255.3846 14.57114563 15079
CLUSTER II-FM7 (SAMBA)  
1 26410U 00041A   19018.64600202  .00000094  00000-0  00000+0 0  9999
2 26410 131.1040 337.7527 4101845 168.4032 359.2198  0.44233914 20061
CLUSTER II-FM6 (SALSA)  
1 26411U 00041B   19018.73833904  .00000000  00000-0  00000+0 0  9994
2 26411 130.4282 338.8873 5049661 176.1469 359.1804  0.44285097 20035
CLUSTER II-FM5 (RUMBA)  
1 26463U 00045A   19018.95257170  .00000044  00000-0  00000-0 0  9993
2 26463 134.0108 337.9263 4733261 174.9918 359.1288  0.44164698  8239
CLUSTER II-FM8 (TANGO)  
1 26464U 00045B   19015.41769657  .00000250  00000-0  00000-0 0  9999
2 26464 131.0997 337.7235 4104441 168.3055 205.3865  0.44218432  8319
ODIN                    
1 26702U 01007A   19016.91558608  .00000364  00000-0  27979-4 0  9995
2 26702  97.5820  36.8308 0009892 230.4430 129.5924 15.07700027978232
TIMED                   
1 26998U 01055B   19017.15672318  .00000064  00000-0  11035-4 0  9990
2 26998  74.0710 242.9000 0000522 209.7961 150.3190 14.88078571927595
RHESSI                  
1 27370U 02004A   19017.38664624  .00001414  00000-0  50756-4 0  9999
2 27370  38.0327 110.7890 0011648  73.1698 287.0349 15.30993685935025
INTEGRAL                
1 27540U 02048A   19018.59149828  .00001116  00000-0  00000-0 0  9996
2 27540  49.0175 154.5871 8686305 273.8563   0.2373  0.37598772 16478
CORIOLIS                
1 27640U 03001A   19017.14433936  .00000011  00000-0  26335-4 0  9999
2 27640  98.7351  29.2622 0015164  84.5274 322.3702 14.18998499830051
SORCE                   
1 27651U 03004A   19017.20079150  .00000026  00000-0  16961-4 0  9995
2 27651  39.9970 334.2188 0022193 342.3598  17.6419 14.88946653867104
MOST                    
1 27843U 03031D   19016.94388758  .00000003  00000-0  21696-4 0  9991
2 27843  98.7121  26.7581 0010658 141.4556 218.7384 14.20582239806125
SCISAT 1                
1 27858U 03036A   19017.21360604  .00000038  00000-0  10368-4 0  9995
2 27858  73.9338 125.7111 0006528  93.0491 267.1431 14.77230868831271
SWIFT                   
1 28485U 04047A   19016.45953086  .00000745  00000-0  20603-4 0  9990
2 28485  20.5580  50.1637 0011174 347.7156  12.3004 15.04281280775390
FORMOSAT-3 FM6          
1 29047U 06011A   19017.74851778 -.00000087  00000-0 -17611-4 0  9992
2 29047  71.9778  84.5333 0052371 234.5091 125.1153 14.28663588667548
FORMOSAT-3 FM1          
1 29048U 06011B   19017.19228030  .00000014  00000-0  22083-4 0  9998
2 29048  71.9674 357.1772 0044500 193.6635 166.3301 14.28611774669931
FORMOSAT-3 FM5          
1 29049U 06011C   19017.85300342  .00000033  00000-0  29522-4 0  9995
2 29049  72.0197 164.5521 0036342 223.4019 136.4255 14.28691854665815
FORMOSAT-3 FM3          
1 29050U 06011D   19016.49575550  .00000073  00000-0  25701-4 0  9990
2 29050  72.0162   6.2759 0050424 188.8471 171.1799 14.58755157680891
FORMOSAT-3 FM4          
1 29051U 06011E   19017.16334812  .00000004  00000-0  17383-4 0  9991
2 29051  72.0057  68.9858 0066061  99.6912 261.1694 14.28718058668305
FORMOSAT-3 FM2          
1 29052U 06011F   19016.84879938  .00000054  00000-0  37251-4 0  9990
2 29052  72.0347 142.2881 0040403 186.4769 173.5851 14.28817654665767
CLOUDSAT                
1 29107U 06016A   19017.83731351  .00000051  00000-0  19471-4 0  9993
2 29107  98.1694 323.8503 0001612 148.6475 211.4823 14.62292850676983
CALIPSO                 
1 29108U 06016B   19017.83684091  .00000068  00000-0  22796-4 0  9994
2 29108  98.1714 323.6498 0001302  79.3369 280.7979 14.62291253676837
HINODE (SOLAR-B)        
1 29479U 06041A   19017.12446405  .00000023  00000-0  13378-4 0  9997
2 29479  98.1690  27.5824 0016752 192.7521 167.3260 14.64967374658153
SJ-6C                   
1 29505U 06046A   19017.79343576  .00000573  00000-0  58460-4 0  9991
2 29505  97.8278  27.9808 0002679 358.1604   1.9594 14.94497138666432
SJ-6D                   
1 29506U 06046B   19017.90468421  .00000288  00000-0  32898-4 0  9992
2 29506  97.8484  27.9026 0003375  57.3935 302.7623 14.93419562666072
AGILE                   
1 31135U 07013A   19017.37498346  .00002049  00000-0  29334-4 0  9996
2 31135   2.4681 273.1428 0012137  22.6363 337.4226 15.31278959652616
AIM                     
1 31304U 07015A   19017.67560505  .00000524  00000-0  33811-4 0  9997
2 31304  97.9742 234.0413 0004541 338.0865  22.0169 15.12908327642533
FGRST (GLAST)           
1 33053U 08029A   19017.16698587  .00000402  00000-0  62053-5 0  9998
2 33053  25.5840  22.6362 0012558 139.5352 220.6118 15.11173183584996
WISE                    
1 36119U 09071A   19017.71471381  .00000457  00000-0  18656-4 0  9993
2 36119  97.3911  53.9776 0004163  73.3069 286.8628 15.29389578504827
SDO                     
1 36395U 10005A   19017.31667840 -.00000069  00000-0  00000+0 0  9990
2 36395  29.5086 130.1905 0001035  75.3147 283.0363  1.00269135 32875
CRYOSAT 2               
1 36508U 10013A   19017.80299304 -.00000014  00000-0 -42353-5 0  9999
2 36508  92.0263 342.5855 0008047 152.7356 207.4276 14.52176521465272
X-SAT                   
1 37389U 11015C   19017.78625389 -.00000042  00000-0  28648-6 0  9995
2 37389  98.5067  86.4805 0014258   4.6361 355.4943 14.24365891402730
GCOM-W1 (SHIZUKU)       
1 38337U 12025A   19017.20074637  .00000010  00000-0  12389-4 0  9999
2 38337  98.2259 319.3022 0002075  89.7947  45.2576 14.57107128354679
NUSTAR                  
1 38358U 12031A   19016.56184220  .00000882  00000-0  18590-4 0  9994
2 38358   6.0275  70.3673 0012082 344.4432  15.5326 14.88090121358734
RBSP A                  
1 38752U 12046A   19016.32913061 -.00000054  00000-0 -94675-3 0  9995
2 38752  10.0150 285.2926 6809964 296.5366  10.7118  2.68148194 62398
RBSP B                  
1 38753U 12046B   19015.76931997 -.00000049  00000-0 -10711-2 0  9993
2 38753  10.0579 299.9415 6823656 268.0037  19.3666  2.65130379 61869
NEOSSAT                 
1 39089U 13009D   19017.62209085  .00000012  00000-0  19798-4 0  9993
2 39089  98.5058 223.6525 0011685  27.1505 333.0289 14.34451124308460
IRIS                    
1 39197U 13033A   19017.06995522 -.00000048  00000-0  66066-6 0  9998
2 39197  97.9401 200.3579 0029048 102.6718 257.7744 14.78595386299647
HISAKI (SPRINT-A)       
1 39253U 13049A   19017.14707900  .00000161  00000-0  13420-3 0  9996
2 39253  29.7205 302.8075 0136679  30.2567 330.5816 13.55198718264825
CASSIOPE                
1 39265U 13055A   19017.81224146  .00001755  00000-0  49387-4 0  9998
2 39265  80.9696 133.3775 0671933  10.1360 351.2610 14.26765384274056
STSAT-3                 
1 39422U 13066G   19017.79873534  .00000117  00000-0  17728-4 0  9998
2 39422  97.5796  69.1307 0024347 109.5589 250.8215 14.89689397280218
SWARM B                 
1 39451U 13067A   19017.87813138  .00000217  00000-0  80439-5 0  9995
2 39451  87.7500  74.5641 0003330  67.9908 292.1691 15.21473207285980
SWARM A                 
1 39452U 13067B   19017.47009969  .00000944  00000-0  19990-4 0  9991
2 39452  87.3482 319.1353 0002448  95.5771 264.5765 15.43576468289456
SWARM C                 
1 39453U 13067C   19017.47002285  .00000940  00000-0  19911-4 0  9995
2 39453  87.3484 320.5675 0002480  96.3984 263.7555 15.43576201289423
BRITE-TORONTO           
1 40020U 14033L   19017.80221115  .00000029  00000-0  13529-4 0  9990
2 40020  97.7597 229.9076 0086126 281.1590  77.9941 14.66545679245030
OCO 2                   
1 40059U 14035A   19017.85922372  .00000002  00000-0  10521-4 0  9992
2 40059  98.2190 320.9927 0001331  84.6807 275.4543 14.57110402241802
BRITE-PL 2              
1 40119U 14049B   19017.24070285  .00000081  00000-0  16141-4 0  9995
2 40119  97.9107 109.2118 0017418   3.7109 356.4231 14.84360242239050
RESURS P2               
1 40360U 14087A   19017.82804028  .00000395  00000-0  14809-4 0  9996
2 40360  97.2632 111.2995 0007950 227.5848 280.8904 15.32911313227156
MMS 1                   
1 40482U 15011A   19016.63888889 -.00001510  00000-0  00000+0 0  9998
2 40482   3.4091  97.0841 9044276  30.1905  16.6501  0.35509067  9717
MMS 2                   
1 40483U 15011B   19008.62013889 -.00001402  00000-0  00000-0 0  9990
2 40483   3.1095  93.7641 9095453  32.9263  72.5917  0.35463022  9778
MMS 3                   
1 40484U 15011C   19016.63888889 -.00001510  00000-0  00000+0 0  9990
2 40484   3.4064  97.1576 9043284  30.1139  16.6515  0.35509069  9708
MMS 4                   
1 40485U 15011D   19008.61805556 -.00001402  00000-0  00000-0 0  9991
2 40485   3.0904  93.5459 9095749  33.1417  72.2980  0.35462811  9676
ASTROSAT                
1 40930U 15052A   19017.20625415  .00000631  00000-0 -26216-6 0  9996
2 40930   5.9924  69.0338 0007617 149.4322 210.6275 14.76230272178656
DAMPE                   
1 41173U 15078A   19017.83230358  .00000009  00000-0  32560-5 0  9997
2 41173  97.2992  19.7782 0011974 275.1653 168.6143 15.23754966171726
PISAT                   
1 41784U 16059B   19017.39927394  .00000073  00000-0  23144-4 0  9997
2 41784  98.0917  80.7469 0032900 139.5685 220.7971 14.63395855123288
HXMT (HUIYAN)           
1 42758U 17034A   19017.77614145  .00000176  00000-0  24862-4 0  9994
2 42758  43.0194 349.7141 0010347  11.1858  56.3548 15.08494778 87837
FLYING LAPTOP           
1 42831U 17042G   19017.18693734  .00000183  00000-0  23962-4 0  9999
2 42831  97.5813 276.2934 0013384 202.7425 157.3203 14.90943255 82213
PICSAT                  
1 43132U 18004X   19016.91695469  .00000760  00000-0  35156-4 0  9999
2 43132  97.5088  84.9150 0011386  73.7707 286.4782 15.23165745 56242
ZHANGZHENG-1 (CSES)     
1 43194U 18015C   19017.92630986  .00000749  00000-0  36675-4 0  9998
2 43194  97.3734 146.6930 0017538 116.7683 243.5350 15.21052866 53153
